# 예시
start:
  name: "시작지점"
  x: -0.13140884041786194
  y: 0.1595170795917511
  yaw: 0.0

destinations:
  - name: "2층 강의실 과자코너"
    x: 0.7571731209754944
    y: 1.0978463888168335
    yaw: 0.0
  - name: "2층 강의실 생필품 코너"
    x: 0.9011014699935913
    y: 2.09873366355896
    yaw: 0.0
